[SMART_MIRROR]
DISABLE=0

[WIPERS]
FRONT_0=wipers_a_SUB2
WIND_THRESHOLDS_KMH=50,250
WIND_AMPLITUDE_MULT=3
WIND_FREQUENCY_MULT=3
WIND_OFFSET=0.025

[MESH_ADJUSTMENT_...]
MESHES = wipers_a_SUB2,wipers_a_SUB0
MOVE_TO = modelRoot:y

[BASIC]
DISABLE_WIPER_KSANIM = 1

[ANIMATED_WIPER_0]
DEBUG = 0
MESHES = wipers_a_SUB2, wipers_a_SUB0
UNDERLYING_SURFACE = glassf_a
GROUP_0 = 'wipers_a_SUB2@A=2,6-7,26-42,50-56', 'wipers_a_SUB0@A=4'
GROUP_0_ANGLE_FROM = -3.1
GROUP_0_ANGLE_TO = -120
GROUP_0_AXIS = 0, 0.70710677, 0.70710677
GROUP_0_AXIS_OFFSET_0 = 0, 0.70710677, 0.70710677
GROUP_0_AXIS_OFFSET_1 = 0, 0.70710677, 0.70710677
GROUP_0_END = 0.15002947, 0.5250471, 0.2924988
GROUP_0_PIVOT = -0.24952698, 0.4909315, 0.35778046
GROUP_0_BASE_AXIS = 0, 0.70710677, 0.70710677
GROUP_0_BASE_PIVOT = -0.24952698, 0.4909315, 0.35778046
GROUP_1 = 'wipers_a_SUB2@A=1,5,8-12,14-19,21,23-25,43-48', 'wipers_a_SUB0@A=3'
GROUP_1_ANGLE_TO = -120
GROUP_1_AXIS = 0.08718253, 0.6393081, 0.7639924
GROUP_1_AXIS_OFFSET_0 = 0, 0.70710677, 0.70710677
GROUP_1_AXIS_OFFSET_1 = 0, 0.70710677, 0.70710677
GROUP_1_END = 0.6033678, 0.4758459, 0.23059666
GROUP_1_PIVOT = 0.24002075, 0.5033426, 0.37207794
GROUP_1_BASE_AXIS = 0.08718253, 0.6393081, 0.7639924
GROUP_1_BASE_PIVOT = 0.24002075, 0.5033426, 0.37207794
