[MESH_ADJUSTMENT_...]
MESHES = ren_alpinea110_73_lod0_body_chrome___13399_vertices_24206_faces,ren_alpinea110_73_cockpit_a_pillar_rubber_trim___1650_vertices_
MOVE_TO = modelRoot:y

[MESH_ADJUSTMENT_...]
MESHES = ren_alpinea110_73_lod0_body_rubber_trim___4115_vertices_6654_fa
IS_RENDERABLE = 0

[BASIC]
DISABLE_WIPER_KSANIM = 1

[ANIMATED_WIPER_0]
DEBUG = 0
MESHES = ren_alpinea110_73_lod0_body_chrome___13399_vertices_24206_faces, ren_alpinea110_73_cockpit_a_pillar_rubber_trim___1650_vertices_
UNDERLYING_SURFACE = ren_alpinea110_73_cockpit_glassF_window___319_vertices_711_face
GROUP_0 = 'ren_alpinea110_73_lod0_body_chrome___13399_vertices_24206_faces@A=2,4-12,22-23,54,56', 'ren_alpinea110_73_cockpit_a_pillar_rubber_trim___1650_vertices_@A=1', 'ren_alpinea110_73_lod0_body_chrome___13399_vertices_24206_faces@B=2,4-7,11-12,42', 'ren_alpinea110_73_cockpit_a_pillar_rubber_trim___1650_vertices_@B=1', 'ren_alpinea110_73_lod0_body_chrome___13399_vertices_24206_faces@C=2,4-5,7,29,31,33', 'ren_alpinea110_73_lod0_body_chrome___13399_vertices_24206_faces@D=2-3,14'
GROUP_0_ANGLE_TO = 104.8
GROUP_0_AXIS = 0.16716744, 0.6900264, 0.704215
GROUP_0_AXIS_OFFSET_0 = 0, 0.70710677, 0.70710677
GROUP_0_AXIS_OFFSET_1 = 0, 0.70710677, 0.70710677
GROUP_0_END = -0.17716849, 0.86148703, 0.7834171
GROUP_0_PIVOT = 0.29649353, 0.7747011, 0.8791466
GROUP_0_BASE_AXIS = 0.16716744, 0.6900264, 0.704215
GROUP_0_BASE_PIVOT = 0.29649353, 0.7747011, 0.8791466
GROUP_1 = 'ren_alpinea110_73_lod0_body_chrome___13399_vertices_24206_faces@A=1,3,13-21,26,55,57,74', 'ren_alpinea110_73_cockpit_a_pillar_rubber_trim___1650_vertices_@A=2', 'ren_alpinea110_73_lod0_body_chrome___13399_vertices_24206_faces@B=1,3,9-10,39,41,43,60', 'ren_alpinea110_73_cockpit_a_pillar_rubber_trim___1650_vertices_@B=2', 'ren_alpinea110_73_lod0_body_chrome___13399_vertices_24206_faces@C=1,3,28,30,32,49-51', 'ren_alpinea110_73_cockpit_a_pillar_rubber_trim___1650_vertices_@C=8', 'ren_alpinea110_73_lod0_body_chrome___13399_vertices_24206_faces@D=13,22'
GROUP_1_ANGLE_TO = 120
GROUP_1_AXIS = -0.019658428, 0.7033533, 0.71056867
GROUP_1_AXIS_OFFSET_0 = 0, 0.70710677, 0.70710677
GROUP_1_AXIS_OFFSET_1 = 0, 0.70710677, 0.70710677
GROUP_1_END = -0.5457769, 0.82064724, 0.6308311
GROUP_1_PIVOT = -0.15240479, 0.8025379, 0.9218941
GROUP_1_BASE_AXIS = -0.019658428, 0.7033533, 0.71056867
GROUP_1_BASE_PIVOT = -0.15240479, 0.8025379, 0.9218941
