[MESH_ADJUSTMENT_...]
MESHES = nis_510_70_lod0_body_chrome,nis_510_70_lod0_body_rubber_trim
MOVE_TO = modelRoot:y

[BASIC]
DISABLE_WIPER_KSANIM = 1

[ANIMATED_WIPER_0]
DEBUG = 0
MESHES = nis_510_70_lod0_body_chrome, nis_510_70_lod0_body_rubber_trim
UNDERLYING_SURFACE = ext_glass_front
GROUP_0 = 'nis_510_70_lod0_body_chrome@A=2-3,27,38,42,48,53,55,69,77', 'nis_510_70_lod0_body_rubber_trim@A=2,14'
GROUP_0_ANGLE_TO = 120.9
GROUP_0_AXIS = 0.020307472, 0.8533333, 0.5209702
GROUP_0_AXIS_OFFSET_0 = 0, 0.70710677, 0.70710677
GROUP_0_AXIS_OFFSET_1 = 0, 0.70710677, 0.70710677
GROUP_0_END = -0.6071659, 0.88630766, 0.8446651
GROUP_0_PIVOT = -0.049545288, 0.8960228, 1.0587234
GROUP_0_BASE_ANGLE_TO = 204.9
GROUP_0_BASE_AXIS = 0.020307472, 0.8533333, 0.5209702
GROUP_0_BASE_PIVOT = -0.049545288, 0.8960228, 1.0587234
GROUP_1 = 'nis_510_70_lod0_body_chrome@A=10-11,39,43,49,52,54,56,78', 'nis_510_70_lod0_body_rubber_trim@A=3,13'
GROUP_1_ANGLE_TO = 96
GROUP_1_AXIS = 0.28721958, 0.8687007, 0.40356416
GROUP_1_AXIS_OFFSET_0 = 0, 0.70710677, 0.70710677
GROUP_1_AXIS_OFFSET_1 = 0, 0.70710677, 0.70710677
GROUP_1_BENDING_TO = 0.049999997
GROUP_1_END = -0.09523309, 0.91466576, 0.94523466
GROUP_1_PIVOT = 0.47346497, 0.82336426, 0.9866028
GROUP_1_BASE_ANGLE_TO = 1.7
GROUP_1_BASE_AXIS = 0.28721958, 0.8687007, 0.40356416
GROUP_1_BASE_PIVOT = 0.47346497, 0.82336426, 0.9866028
