[AUDIO_VOLUME]
BACKFIRE_EXT=1
BACKFIRE_INT=1
BODYWORK=1
DIRT=1
DOWN_SHIFT=1
ENGINE_EXT=0.5
ENGINE_INT=1
GEAR_EXT=1
GEAR_GRIND=1
GEAR_INT=1
HORN=1
LIMITER=1
TRACTION_CONTROL_EXT=1
TRACTION_CONTROL_INT=1
TRANSMISSION=1
TURBO=1
WIND=1

[MESH_ADJUSTMENT_...]
MESHES = material44_SUB0
MOVE_TO = modelRoot:y

[BASIC]
DISABLE_WIPER_KSANIM = 1

[ANIMATED_WIPER_0]
DEBUG = 0
MESHES = material44_SUB0
UNDERLYING_SURFACE = Window-Outside
GROUP_0 = 'material44_SUB0@A=53-54'
GROUP_0_ANGLE_TO = 86
GROUP_0_AXIS = 0.0032339694, 0.92526793, 0.37930027
GROUP_0_AXIS_OFFSET_0 = 0, 0.70710677, 0.70710677
GROUP_0_AXIS_OFFSET_1 = 0, 0.70710677, 0.70710677
GROUP_0_END = -0.037004158, 0.73815566, 0.9304526
GROUP_0_PIVOT = 0.5812988, 0.6814947, 1.005291
GROUP_0_BASE_AXIS = 0.0032339694, 0.92526793, 0.37930027
GROUP_0_BASE_PIVOT = 0.5812988, 0.6814947, 1.005291
GROUP_1 = 'material44_SUB0@A=55-56'
GROUP_1_ANGLE_TO = 120
GROUP_1_AXIS = 0.17860627, 0.82576674, 0.53498524
GROUP_1_AXIS_OFFSET_0 = 0, 0.70710677, 0.70710677
GROUP_1_AXIS_OFFSET_1 = 0, 0.70710677, 0.70710677
GROUP_1_END = -0.7374498, 0.7106227, 0.8836018
GROUP_1_PIVOT = -0.12782288, 0.69590473, 1.0297127
GROUP_1_BASE_AXIS = 0.17860627, 0.82576674, 0.53498524
GROUP_1_BASE_PIVOT = -0.12782288, 0.69590473, 1.0297127
