[ANIMATED_WIPER_0]
DEBUG = 0
MESHES = group001a, group002
UNDERLYING_SURFACE = maz_rx3_73_glassF
GROUP_0 = 'group001a@A=36,56,60', 'group002@A=6'
GROUP_0_ANGLE_FROM = 1.3
GROUP_0_ANGLE_TO = 95.0
GROUP_0_AXIS = 0, 0.70710677, 0.70710677
GROUP_0_AXIS_OFFSET_0 = 0, 0.70710677, 0.70710677
GROUP_0_AXIS_OFFSET_1 = 0, 0.70710677, 0.70710677
GROUP_0_END = -0.6214905, 0.86979675, 0.7014618
GROUP_0_PIVOT = -0.0823822, 0.8687649, 0.82392883
GROUP_0_RUBBER_FROM = -0.24777985, 0.89608, 0.761734
GROUP_0_RUBBER_OFFSET_AMOUNT = 0.0095999995
GROUP_0_RUBBER_OFFSET_POS = 0.567
GROUP_0_RUBBER_TO = -0.6203842, 0.8688812, 0.69400024
GROUP_0_BASE = 'group001a@A=32,45,70'
GROUP_0_BASE_AXIS = 0, 0.70710677, 0.70710677
GROUP_0_BASE_PIVOT = -0.0823822, 0.8687649, 0.82392883
GROUP_1 = 'group001a@A=41,57,61', 'group002@A=5'
GROUP_1_ANGLE_TO = 87.5
GROUP_1_ARM = 'group001a@A=31'
GROUP_1_AXIS = 0.2264332, 0.7551976, 0.6151461
GROUP_1_AXIS_OFFSET_0 = 0, 0.70710677, 0.70710677
GROUP_1_AXIS_OFFSET_1 = 0, 0.70710677, 0.70710677
GROUP_1_END = -0.05923059, 0.9086379, 0.7701682
GROUP_1_PIVOT = 0.49972534, 0.8629341, 0.79096985
GROUP_1_RUBBER_FROM = 0.32844487, 0.89520156, 0.7499179
GROUP_1_RUBBER_OFFSET_AMOUNT = 0.0067
GROUP_1_RUBBER_OFFSET_POS = 0.567
GROUP_1_RUBBER_TO = -0.0573349, 0.9024353, 0.7665558
GROUP_1_BASE = 'group001a@A=46,69'
GROUP_1_BASE_AXIS = 0.2264332, 0.7551976, 0.6151461
GROUP_1_BASE_PIVOT = 0.49972534, 0.8629341, 0.79096985

[MESH_ADJUSTMENT_...]
MESHES = group001a,group002
MOVE_TO = modelRoot:y

[BASIC]
DISABLE_WIPER_KSANIM = 1
