[AUDIO_VOLUME]
BACKFIRE_EXT=1
BACKFIRE_INT=1
BODYWORK=1
DIRT=1
DOWN_SHIFT=1
ENGINE_EXT=0.95
ENGINE_INT=1
GEAR_EXT=1
GEAR_GRIND=1
GEAR_INT=1
HORN=1
LIMITER=1
TRACTION_CONTROL_EXT=1
TRACTION_CONTROL_INT=1
TRANSMISSION=1
TURBO=0
WIND=1

[MESH_ADJUSTMENT_...]
MESHES = MERC_300SEL_WIPER_LADX01
MOVE_TO = modelRoot:y

[BASIC]
DISABLE_WIPER_KSANIM = 1

[ANIMATED_WIPER_0]
DEBUG = 0
MESHES = MERC_300SEL_WIPER_LADX01
UNDERLYING_SURFACE = WINDOWS-outside
GROUP_0 = 'MERC_300SEL_WIPER_LADX01@B=2,8-14'
GROUP_0_ANGLE_FROM = 0.4
GROUP_0_ANGLE_TO = -110
GROUP_0_AXIS = 0, 0.70710677, 0.70710677
GROUP_0_AXIS_OFFSET_0 = 0, 0.70710677, 0.70710677
GROUP_0_AXIS_OFFSET_1 = 0, 0.70710677, 0.70710677
GROUP_0_END = 0.12963867, 0.92434883, 0.833683
GROUP_0_LAGGING_BEHIND = 'MERC_300SEL_WIPER_LADX01@A=2,8,10-14'
GROUP_0_PIVOT = -0.3976651, 0.879097, 0.9131939
GROUP_1 = 'MERC_300SEL_WIPER_LADX01@A=1,3,5-6,15-16', 'MERC_300SEL_WIPER_LADX01@B=1,3,5-6,15-16'
GROUP_1_ANGLE_FROM = 3.6
GROUP_1_ANGLE_TO = 105.9
GROUP_1_AXIS = 0, 0.70710677, 0.70710677
GROUP_1_AXIS_OFFSET_0 = 0, 0.70710677, 0.70710677
GROUP_1_AXIS_OFFSET_1 = 0, 0.70710677, 0.70710677
GROUP_1_END = -0.1369317, 0.9434177, 0.8109492
GROUP_1_PIVOT = 0.3966565, 0.8787137, 0.9130818
