[ANIMATED_WIPER_...]
MESHES = wipers_a_SUB0
UNDERLYING_SURFACE = glassf_a
DEBUG = 1 ; remove when everything is ready

[MESH_ADJUSTMENT_...]
MESHES = wipers_a_SUB0
MOVE_TO = modelRoot:y

[BASIC]
DISABLE_WIPER_KSANIM = 1

[ANIMATED_WIPER_0]
DEBUG = 1
MESHES = wipers_a_SUB0
UNDERLYING_SURFACE = glassf_a
GROUP_0 = 'wipers_a_SUB0@A=8-12,24-28,33-34'
GROUP_0_ANGLE_FROM = -3.6
GROUP_0_ANGLE_TO = -110.2
GROUP_0_AXIS = -0.10734173, 0.7110118, 0.69493884
GROUP_0_AXIS_OFFSET_0 = 0, 0.70710677, 0.70710677
GROUP_0_AXIS_OFFSET_1 = 0, 0.70710677, 0.70710677
GROUP_0_END = 0.18226421, 0.6011546, 0.7002594
GROUP_0_PIVOT = -0.28735352, 0.5650883, 0.7402954
GROUP_0_BASE_AXIS = -0.10734173, 0.7110118, 0.69493884
GROUP_0_BASE_PIVOT = -0.28735352, 0.5650883, 0.7402954
GROUP_1 = 'wipers_a_SUB0@A=3-7,13-21'
GROUP_1_ANGLE_FROM = -2.4
GROUP_1_ANGLE_TO = -104.2
GROUP_1_AXIS = 0, 0.70710677, 0.70710677
GROUP_1_AXIS_OFFSET_0 = 0, 0.70710677, 0.70710677
GROUP_1_AXIS_OFFSET_1 = 0, 0.70710677, 0.70710677
GROUP_1_END = 0.5637044, 0.5797047, 0.6376316
GROUP_1_PIVOT = 0.09762573, 0.579124, 0.76701355
GROUP_1_BASE_AXIS = 0, 0.7071068, 0.7071068
GROUP_1_BASE_PIVOT = 0.09762573, 0.579124, 0.76701355
