[ANIMATED_WIPER_0]
DEBUG = 0
MESHES = wipers_a_SUB0, wipers_a_SUB1
UNDERLYING_SURFACE = glass_ext01
GROUP_0 = 'wipers_a_SUB1@A=2', 'wipers_a_SUB0@A=8-10,18-20,22'
GROUP_0_ANGLE_TO = 120
GROUP_0_AXIS = 0, 0.70710677, 0.70710677
GROUP_0_AXIS_OFFSET_0 = 0, 0.70710677, 0.70710677
GROUP_0_AXIS_OFFSET_1 = 0, 0.70710677, 0.70710677
GROUP_0_END = -0.6062266, 1.0946584, 0.48475343
GROUP_0_PIVOT = -0.2175293, 1.0187111, 0.6609192
GROUP_0_BASE_AXIS = 0, 0.70710677, 0.70710677
GROUP_0_BASE_PIVOT = -0.2175293, 1.0187111, 0.6609192
GROUP_1 = 'wipers_a_SUB1@A=1', 'wipers_a_SUB0@A=5-7,11-14,16-17'
GROUP_1_ANGLE_TO = 120
GROUP_1_AXIS = 0, 0.70710677, 0.70710677
GROUP_1_AXIS_OFFSET_0 = 0, 0.70710677, 0.70710677
GROUP_1_AXIS_OFFSET_1 = 0, 0.70710677, 0.70710677
GROUP_1_END = -0.2000676, 1.0906992, 0.56622833
GROUP_1_PIVOT = 0.21885681, 1.0203724, 0.66166687
GROUP_1_BASE_AXIS = 0, 0.70710677, 0.70710677
GROUP_1_BASE_PIVOT = 0.21885681, 1.0203724, 0.66166687

[MESH_ADJUSTMENT_...]
MESHES = wipers_a_SUB0,wipers_a_SUB1
MOVE_TO = modelRoot:y

[BASIC]
DISABLE_WIPER_KSANIM = 1
