[ANIMATED_WIPER_...]
MESHES = lot_cortina_66_lod0_body_chrome___30860_vertices_41521_faces,lot_cortina_66_lod0_body_rubber_trim___2653_vertices_4502_faces
UNDERLYING_SURFACE = lot_cortina_66_cockpit_glassF_window___207_vertices_419_faces
DEBUG = 0 ; remove when everything is ready

[MESH_ADJUSTMENT_...]
MESHES = lot_cortina_66_lod0_body_chrome___30860_vertices_41521_faces,lot_cortina_66_lod0_body_rubber_trim___2653_vertices_4502_faces
MOVE_TO = modelRoot:y

[BASIC]
DISABLE_WIPER_KSANIM = 1

[ANIMATED_WIPER_0]
DEBUG = 0
MESHES = lot_cortina_66_lod0_body_chrome___30860_vertices_41521_faces, lot_cortina_66_lod0_body_rubber_trim___2653_vertices_4502_faces
UNDERLYING_SURFACE = lot_cortina_66_cockpit_glassF_window___207_vertices_419_faces
GROUP_0 = 'lot_cortina_66_lod0_body_chrome___30860_vertices_41521_faces@A=1-3,29-31,39,45,55-57,74-75', 'lot_cortina_66_lod0_body_rubber_trim___2653_vertices_4502_faces@A=1'
GROUP_0_ANGLE_FROM = -8.2
GROUP_0_ANGLE_TO = 80.8
GROUP_0_AXIS = 0.2560497, 0.6238598, 0.738402
GROUP_0_AXIS_OFFSET_0 = 0, 0.70710677, 0.70710677
GROUP_0_AXIS_OFFSET_1 = 0, 0.70710677, 0.70710677
GROUP_0_END = -0.02510542, 0.8342575, 0.7953335
GROUP_0_PIVOT = 0.46151733, 0.7367592, 0.8941612
GROUP_0_BASE_AXIS = 0.2560497, 0.6238598, 0.738402
GROUP_0_BASE_PIVOT = 0.46151733, 0.7367592, 0.8941612
GROUP_1 = 'lot_cortina_66_lod0_body_chrome___30860_vertices_41521_faces@A=4-6,16-18,40,46,61-63,76-77', 'lot_cortina_66_lod0_body_rubber_trim___2653_vertices_4502_faces@A=2,12'
GROUP_1_ANGLE_FROM = -9.3
GROUP_1_ANGLE_TO = 106.6
GROUP_1_AXIS = 0.097983256, 0.68020916, 0.7264398
GROUP_1_AXIS_OFFSET_0 = 0, 1, 0
GROUP_1_AXIS_OFFSET_1 = 0, 1, 0
GROUP_1_END = -0.55557394, 0.8349862, 0.72914326
GROUP_1_PIVOT = -0.0987854, 0.7553911, 0.93268967
GROUP_1_BASE_AXIS = 0.097983256, 0.68020916, 0.7264398
GROUP_1_BASE_PIVOT = -0.0987854, 0.7553911, 0.93268967
