[AUDIO_VOLUME]
BACKFIRE_EXT=1
BACKFIRE_INT=1
BODYWORK=1
DIRT=1
DOWN_SHIFT=1
ENGINE_EXT=0.6
ENGINE_INT=1
GEAR_EXT=1
GEAR_GRIND=1
GEAR_INT=1
HORN=1
LIMITER=1
TRACTION_CONTROL_EXT=1
TRACTION_CONTROL_INT=1
TRANSMISSION=1
TURBO=1
WIND=1

[MESH_ADJUSTMENT_...]
MESHES = for_mustang_65_lod0_body_chrome___15392_vertices_25566_faces,for_mustang_65_cockpit_a_pillar_rubber_trim___1088_vertices_1471_faces,for_mustang_65_lod0_body_rubber_trim___1574_vertices_2185_faces
MOVE_TO = modelRoot:y

[ANIMATED_WIPER_0]
DEBUG = 0
MESHES = for_mustang_65_lod0_body_chrome___15392_vertices_25566_faces, for_mustang_65_cockpit_a_pillar_rubber_trim___1088_vertices_1471_faces,for_mustang_65_lod0_body_rubber_trim___1574_vertices_2185_faces
UNDERLYING_SURFACE = for_mustang_65_cockpit_glassF_window___179_vertices_385_faces
GROUP_0 = 'for_mustang_65_cockpit_a_pillar_rubber_trim___1088_vertices_1471_faces@A=5', 'for_mustang_65_lod0_body_chrome___15392_vertices_25566_faces@A=10-11,19,24,27,34', 'for_mustang_65_lod0_body_rubber_trim___1574_vertices_2185_faces@A=5'
GROUP_0_ANGLE_FROM = -5.1
GROUP_0_ANGLE_TO = 112.3
GROUP_0_AXIS = 0, 0.70710677, 0.70710677
GROUP_0_AXIS_OFFSET_0 = 0, 0.70710677, 0.70710677
GROUP_0_AXIS_OFFSET_1 = 0, 0.70710677, 0.70710677
GROUP_0_END = -0.585886, 0.7420697, 0.61448455
GROUP_0_PIVOT = -0.08251953, 0.7011032, 0.78941345
GROUP_0_BASE_AXIS = 0, 0.70710677, 0.70710677
GROUP_0_BASE_PIVOT = -0.08251953, 0.7011032, 0.78941345
GROUP_1 = 'for_mustang_65_cockpit_a_pillar_rubber_trim___1088_vertices_1471_faces@A=6', 'for_mustang_65_lod0_body_chrome___15392_vertices_25566_faces@A=12-13,20,25,28,35', 'for_mustang_65_lod0_body_rubber_trim___1574_vertices_2185_faces@A=6'
GROUP_1_ANGLE_FROM = 0.4
GROUP_1_ANGLE_TO = 86.4
GROUP_1_AXIS = 0, 0.70710677, 0.70710677
GROUP_1_AXIS_OFFSET_0 = 0, 0.70710677, 0.70710677
GROUP_1_AXIS_OFFSET_1 = 0, 0.70710677, 0.70710677
GROUP_1_END = 0.008359531, 0.7346394, 0.68650794
GROUP_1_PIVOT = 0.53266907, 0.6653795, 0.7390747
GROUP_1_BASE_AXIS = 0, 0.70710677, 0.70710677
GROUP_1_BASE_PIVOT = 0.53266907, 0.6653795, 0.7390747

[BASIC]
DISABLE_WIPER_KSANIM = 1
