[MESH_ADJUSTMENT_...]
MESHES = mg_mgb_65_lod0_body_chrome_,mg_mgb_65_lod0_body_rubber_trim_
MOVE_TO = modelRoot:y

[BASIC]
DISABLE_WIPER_KSANIM = 1

[ANIMATED_WIPER_0]
DEBUG = 1
MESHES = mg_mgb_65_lod0_body_chrome_, mg_mgb_65_lod0_body_rubber_trim_
UNDERLYING_SURFACE = mg_mgb_65_cockpit_glassF_window_
GROUP_0 = 'mg_mgb_65_lod0_body_chrome_@A=5,24,32-33,35,37,50,55,65,93', 'mg_mgb_65_lod0_body_rubber_trim_@A=7'
GROUP_0_ANGLE_FROM = 5.2
GROUP_0_ANGLE_TO = -108
GROUP_0_AXIS = 0.037389494, 0.6642621, 0.74656403
GROUP_0_AXIS_OFFSET_0 = 0, 1, 0
GROUP_0_AXIS_OFFSET_1 = 0, 1, 0
GROUP_0_END = 0.25875092, 0.73276234, 0.40248108
GROUP_0_PIVOT = -0.17437744, 0.68156147, 0.5319214
GROUP_0_BASE_AXIS = 0.037389494, 0.6642621, 0.74656403
GROUP_0_BASE_PIVOT = -0.17437744, 0.68156147, 0.5319214
GROUP_1 = 'mg_mgb_65_lod0_body_chrome_@A=4,23,28-29,31,36,50,64,89', 'mg_mgb_65_lod0_body_rubber_trim_@A=8'
GROUP_1_ANGLE_FROM = -2.2
GROUP_1_ANGLE_TO = -102.3
GROUP_1_AXIS = 0.019621562, 0.6485852, 0.76088905
GROUP_1_AXIS_OFFSET_0 = 0, 1, 0
GROUP_1_AXIS_OFFSET_1 = 0, 1, 0
GROUP_1_END = 0.56668854, 0.6705322, 0.32498074
GROUP_1_PIVOT = 0.17715454, 0.68297577, 0.5479584
GROUP_1_BASE_AXIS = 0.019621562, 0.6485852, 0.76088905
GROUP_1_BASE_PIVOT = 0.17715454, 0.68297577, 0.5479584
