[AUDIO_VOLUME]
BACKFIRE_EXT=1
BACKFIRE_INT=1
BODYWORK=1
DIRT=1
DOWN_SHIFT=1
ENGINE_EXT=0.9
ENGINE_INT=1
GEAR_EXT=1
GEAR_GRIND=1
GEAR_INT=1
HORN=1
LIMITER=1
TRACTION_CONTROL_EXT=1
TRACTION_CONTROL_INT=1
TRANSMISSION=1
TURBO=1
WIND=1

[ANIMATED_WIPER_...]
MESHES = WIPER1,Wiper_blade1,WIPER2,WIPER_Blade_2,blade-wiper-L,blade-wiper-r
UNDERLYING_SURFACE = por_carrerars_73_cockpit_glassF_window_
DEBUG = 0 ; remove when everything is ready

[MESH_ADJUSTMENT_...]
MESHES = WIPER1,Wiper_blade1,WIPER2,WIPER_Blade_2,blade-wiper-L,blade-wiper-r
MOVE_TO = modelRoot:y

[BASIC]
DISABLE_WIPER_KSANIM = 1

[ANIMATED_WIPER_0]
DEBUG = 0
MESHES = WIPER1, Wiper_blade1, WIPER2, WIPER_Blade_2, blade-wiper-L, blade-wiper-r
UNDERLYING_SURFACE = por_carrerars_73_cockpit_glassF_window_
GROUP_0 = 'blade-wiper-L@A=*', 'WIPER_Blade_2@A=*', 'WIPER2@A=*'
GROUP_0_ANGLE_TO = -120
GROUP_0_AXIS = 0, 0.70710677, 0.70710677
GROUP_0_AXIS_OFFSET_0 = 0, 0.70710677, 0.70710677
GROUP_0_AXIS_OFFSET_1 = 0, 0.70710677, 0.70710677
GROUP_0_END = 0.6360504, 0.9424424, 0.47985914
GROUP_0_PIVOT = 0.19277954, 0.88556385, 0.72239685
GROUP_0_BASE_AXIS = 0, 0.70710677, 0.70710677
GROUP_0_BASE_PIVOT = 0.19277954, 0.88556385, 0.72239685
GROUP_1 = 'WIPER1@A=*', 'Wiper_blade1@A=*', 'blade-wiper-r@A=*'
GROUP_1_ANGLE_TO = -120
GROUP_1_AXIS = 0, 0.70710677, 0.70710677
GROUP_1_AXIS_OFFSET_0 = 0, 0.70710677, 0.70710677
GROUP_1_AXIS_OFFSET_1 = 0, 0.70710677, 0.70710677
GROUP_1_END = 0.31074402, 0.9620235, 0.6001595
GROUP_1_PIVOT = -0.19372559, 0.8825035, 0.7175331
GROUP_1_BASE_AXIS = 0, 0.70710677, 0.70710677
GROUP_1_BASE_PIVOT = -0.19372559, 0.8825035, 0.7175331
